[gd_scene load_steps=11 format=3 uid="uid://5xty44xqng3m"]

[ext_resource type="PackedScene" uid="uid://b8384sc1pm5sr" path="res://art/Knight.glb" id="1_70164"]
[ext_resource type="Script" path="res://scenes/knight_mesh.gd" id="2_iu3ku"]

[sub_resource type="AnimationNodeAnimation" id="AnimationNodeAnimation_sbfay"]
animation = &"Death_B_Pose"

[sub_resource type="AnimationNodeAnimation" id="AnimationNodeAnimation_er7oj"]
animation = &"Hit_A"

[sub_resource type="AnimationNodeAnimation" id="AnimationNodeAnimation_lp87i"]
animation = &"Idle"

[sub_resource type="AnimationNodeStateMachineTransition" id="AnimationNodeStateMachineTransition_5ugao"]
advance_mode = 2

[sub_resource type="AnimationNodeStateMachineTransition" id="AnimationNodeStateMachineTransition_w87hf"]
advance_mode = 2
advance_condition = &"hit"

[sub_resource type="AnimationNodeStateMachineTransition" id="AnimationNodeStateMachineTransition_u68i4"]
advance_mode = 2
advance_condition = &"death"

[sub_resource type="AnimationNodeStateMachineTransition" id="AnimationNodeStateMachineTransition_0s7hd"]
advance_mode = 2
advance_condition = &"idle"

[sub_resource type="AnimationNodeStateMachine" id="AnimationNodeStateMachine_y0bfu"]
states/Death_B_Pose/node = SubResource("AnimationNodeAnimation_sbfay")
states/Death_B_Pose/position = Vector2(526.667, 51.3333)
states/Hit_A/node = SubResource("AnimationNodeAnimation_er7oj")
states/Hit_A/position = Vector2(330.667, 147.333)
states/Idle/node = SubResource("AnimationNodeAnimation_lp87i")
states/Idle/position = Vector2(338.667, 39.3333)
transitions = ["Start", "Idle", SubResource("AnimationNodeStateMachineTransition_5ugao"), "Idle", "Hit_A", SubResource("AnimationNodeStateMachineTransition_w87hf"), "Hit_A", "Death_B_Pose", SubResource("AnimationNodeStateMachineTransition_u68i4"), "Hit_A", "Idle", SubResource("AnimationNodeStateMachineTransition_0s7hd")]

[node name="KnightMesh" instance=ExtResource("1_70164")]
script = ExtResource("2_iu3ku")

[node name="Skeleton3D" parent="Rig" index="0"]
bones/1/position = Vector3(0, 0.375814, 0)
bones/1/rotation = Quaternion(-1.11123e-10, 0.0431578, 2.57241e-09, 0.999068)
bones/4/rotation = Quaternion(-0.554282, -0.0572406, -0.63772, 0.531797)
bones/5/rotation = Quaternion(4.87743e-09, -5.95092e-08, -0.513425, 0.858134)
bones/7/rotation = Quaternion(-0.321877, -0.335286, 0.150348, 0.872567)
bones/8/rotation = Quaternion(0.000591147, 0.000591136, -0.704934, 0.709273)
bones/14/rotation = Quaternion(-0.61269, 0.0775891, 0.613094, 0.492652)
bones/15/rotation = Quaternion(3.58389e-08, 5.60582e-08, 0.535883, 0.844292)
bones/17/rotation = Quaternion(-0.32072, 0.31139, -0.232422, 0.863803)
bones/18/rotation = Quaternion(0.00189439, 0.00223131, 0.705138, 0.709064)
bones/21/rotation = Quaternion(-5.80608e-11, -0.0313417, -1.88012e-09, 0.999509)
bones/24/rotation = Quaternion(0.991024, 0.0832882, 0.0776292, 0.070061)
bones/25/rotation = Quaternion(0.350124, 6.5283e-08, -2.51696e-07, 0.936703)
bones/26/rotation = Quaternion(-0.59797, -0.203399, 0.0686637, 0.772234)
bones/28/rotation = Quaternion(0.993207, -0.0323191, 0.0302344, 0.107616)
bones/29/rotation = Quaternion(0.399256, -6.01889e-08, 2.78942e-07, 0.916839)
bones/30/rotation = Quaternion(-0.625937, 0.113178, -0.0195762, 0.77137)
bones/31/rotation = Quaternion(3.04791e-08, 0.920355, -0.391084, -6.94849e-08)
bones/32/rotation = Quaternion(0.707107, -2.29302e-07, -4.60552e-08, 0.707107)
bones/33/position = Vector3(0.202182, 0.0259903, 0.205181)
bones/33/rotation = Quaternion(-0.707107, -7.05285e-08, -7.05285e-08, 0.707107)
bones/34/rotation = Quaternion(9.65792e-09, 1.77955e-09, 0.985719, -0.168398)
bones/35/rotation = Quaternion(-1.04035e-07, 0.391084, 0.920355, -2.9526e-08)
bones/37/rotation = Quaternion(1, -3.10863e-15, 1.94707e-07, -6.91739e-22)
bones/39/rotation = Quaternion(0.707107, -3.82385e-08, 1.45009e-07, 0.707107)
bones/40/rotation = Quaternion(-0.707107, -7.05285e-08, -7.05285e-08, 0.707107)
bones/41/rotation = Quaternion(-5.83589e-09, 6.43837e-10, 0.994809, 0.101756)
bones/42/rotation = Quaternion(-1.04035e-07, 0.391084, 0.920355, -2.95261e-08)
bones/47/position = Vector3(0.520841, 0.779935, -0.0576374)
bones/47/rotation = Quaternion(0.794627, -1.11759e-07, 0.607098, -5.96046e-08)
bones/49/position = Vector3(-0.510844, 0.779935, 0.0597369)
bones/49/rotation = Quaternion(-0.758253, -1.52737e-07, 0.651961, -1.11759e-08)

[node name="1H_Sword_Offhand" parent="Rig/Skeleton3D" index="0"]
transform = Transform3D(2.68635e-07, 0.262863, 0.964832, 0.999979, -0.00613689, 0.00167196, 0.00636079, 0.964813, -0.262858, 0.511959, 0.628518, -0.000989232)
visible = false
bone_idx = 9

[node name="Badge_Shield" parent="Rig/Skeleton3D" index="1"]
transform = Transform3D(2.91051e-07, 0.262863, 0.964832, 0.999979, -0.00613942, 0.00167262, 0.00636341, 0.964813, -0.262858, 0.662362, 0.628779, -0.0419649)
visible = false
bone_idx = 10

[node name="Rectangle_Shield" parent="Rig/Skeleton3D" index="2"]
transform = Transform3D(2.91051e-07, 0.262863, 0.964832, 0.999979, -0.00613942, 0.00167262, 0.00636341, 0.964813, -0.262858, 0.662362, 0.628779, -0.0419649)
visible = false
bone_idx = 11

[node name="Round_Shield" parent="Rig/Skeleton3D" index="3"]
transform = Transform3D(2.91051e-07, 0.262863, 0.964832, 0.999979, -0.00613942, 0.00167262, 0.00636341, 0.964813, -0.262858, 0.662362, 0.628779, -0.0419649)
bone_idx = 12

[node name="Spike_Shield" parent="Rig/Skeleton3D" index="4"]
transform = Transform3D(2.91051e-07, 0.262863, 0.964832, 0.999979, -0.00613942, 0.00167262, 0.00636341, 0.964813, -0.262858, 0.662362, 0.628779, -0.0419649)
visible = false
bone_idx = 13

[node name="1H_Sword" parent="Rig/Skeleton3D" index="5"]
transform = Transform3D(-0.00131945, -0.155656, 0.98781, 0.999984, -0.00555452, 0.000460131, 0.00541553, 0.987795, 0.155662, -0.495717, 0.632973, 0.14062)
bone_idx = 19

[node name="2H_Sword" parent="Rig/Skeleton3D" index="6"]
transform = Transform3D(-0.00131946, -0.155656, 0.98781, 0.999984, -0.00555453, 0.000460145, 0.00541554, 0.987795, 0.155662, -0.495717, 0.632973, 0.14062)
visible = false
bone_idx = 20

[node name="Knight_Helmet" parent="Rig/Skeleton3D" index="7"]
transform = Transform3D(0.99972, -1.40143e-09, 0.0236466, 1.39341e-09, 1, 3.55686e-10, -0.0236466, -3.22637e-10, 0.99972, 4.69869e-07, 1.18604, -1.19779e-07)
bone_idx = 22

[node name="Knight_Cape" parent="Rig/Skeleton3D" index="8"]
transform = Transform3D(0.996275, -5.14962e-09, 0.0862353, 5.13043e-09, 1, 4.44077e-10, -0.0862353, 1.8939e-15, 0.996275, -1.63023e-08, 1.18604, -1.40136e-07)
bone_idx = 23

[node name="AnimationTree" type="AnimationTree" parent="." index="2"]
tree_root = SubResource("AnimationNodeStateMachine_y0bfu")
anim_player = NodePath("../AnimationPlayer")
active = true
parameters/conditions/death = false
parameters/conditions/hit = false
parameters/conditions/idle = false
